4294967278,12
4294967278,11
4294967278,10
4294967278,9
4294967278,8
4294967278,7
4294967278,6
4294967278,5
4294967278,4
4294967279,132
4294967279,131
4294967279,130
4294967279,129
4294967279,128
4294967279,127
4294967279,126
4294967279,125
4294967279,124
4294967279,123
4294967279,122
4294967279,121
4294967278,303
4294967278,302
4294967278,300
4294967278,301
4294967278,47
4294967278,299
4294967278,46
4294967278,45
4294967278,44
4294967278,43
4294967278,42
4294967278,41
4294967278,40
4294967278,39
4294967278,38
4294967278,37
4294967278,36
4294967278,35
4294967278,34
4294967278,33
4294967278,32
4294967278,31
4294967278,30
4294967278,29
4294967278,28
4294967278,27
4294967278,26
4294967278,25
4294967278,24
4294967278,23
4294967278,22
4294967278,21
4294967278,20
4294967278,19
4294967278,18
4294967278,17
4294967278,16
4294967278,15
4294967278,14
4294967278,13
4294967279,295
4294967279,49
4294967279,293
4294967279,48
4294967279,292
4294967279,47
4294967279,46
4294967279,45
4294967279,42
4294967279,39
4294967279,36
4294967279,34
4294967279,32
4294967279,30
4294967279,28
4294967279,24
4294967279,22
4294967279,20
4294967279,18
4294967279,17
4294967279,15
4294967279,14
4294967279,12
4294967279,11
4294967279,10
4294967278,339
4294967279,522
4294967278,255
4294967279,521
4294967278,338
4294967279,520
4294967278,254
4294967279,519
4294967278,337
4294967278,253
4294967278,250
4294967294,1418
4294967278,248
4294967278,247
4294967278,245
4294967278,243
4294967278,240
4294967278,239
4294967278,237
4294967278,236
4294967278,336
4294967279,518
4294967278,234
27,6
27,5
4294967278,232
27,4
27,3
27,2
27,1
4294967278,230
4294967278,227
4294967278,224
4294967278,225
4294967278,222
4294967294,967
4294967278,220
4294967278,221
4294967278,218
4294967278,214
4294967279,517
4294967278,213
4294967279,516
4294967278,212
4294967278,210
4294967278,209
4294967278,335
4294967294,396
4294967294,413
4294967294,179
4294967294,178
4294967294,407
4294967294,948
4294967294,420
4294967294,403
4294967294,415
4294967294,167
4294967294,384
4294967294,406
4294967294,183
4294967294,108
4294967294,466
4294967294,169
4294967294,112
4294967278,208
4294967278,207
4294967278,206
24,4
24,3
24,2
24,1
4294967279,515
4294967278,205
4294967294,472
4294967278,204
4294967278,203
23,4
4294967278,202
23,3
23,2
23,1
4294967278,320
4294967278,201
4294967294,437
4294967278,198
4294967278,319
4294967278,318
22,6
4294967278,197
4294967278,317
4294967278,196
22,5
4294967278,194
22,4
4294967278,193
22,3
22,2
22,1
4294967278,316
4294967278,192
4294967294,392
4294967278,189
4294967294,162
4294967294,900
4294967278,315
4294967278,314
21,5
4294967294,387
4294967278,188
4294967278,187
21,4
21,3
21,2
21,1
4294967278,186
4294967278,313
4294967278,184
4294967278,183
4294967278,312
4294967278,182
20,5
4294967278,180
20,4
4294967278,179
20,3
20,2
20,1
4294967278,311
4294967278,178
4294967278,175
4294967278,310
4294967278,309
19,5
4294967278,173
4294967278,172
19,4
19,3
19,2
19,1
4294967278,171
4294967294,99
4294967294,76
4294967278,168
18,4
4294967278,167
18,3
18,2
18,1
4294967278,307
0,7
4294967278,166
4294967294,468
4294967294,390
4294967294,1
4294967294,904
4294967294,186
4294967294,0
4294967294,903
4294967278,334
4294967294,89
4294967278,306
4294967278,305
4294967294,40
4294967294,38
4294967294,37
4294967278,304
4294967279,296
4294967294,393
4294967294,46
4294967294,389
4294967294,114
4294967294,115
4294967294,120
4294967294,2
4294967294,36
4294967294,39
4294967294,470
4294967294,1416
4294967279,294
4294967294,42
4294967294,424
4294967294,53
4294967294,417
4294967294,51
4294967294,427
4294967294,45
4294967294,82
4294967294,107
4294967294,50
4294967294,92
4294967294,91
4294967294,90
4294967294,87
4294967294,86
4294967294,85
4294967294,84
4294967294,921
4294967294,950
4294967294,949
4294967294,29
4294967294,419
4294967294,28
4294967294,920
4294967294,27
4294967294,44
4294967294,96
4294967294,94
